146||15|11||2019-05-25T01:32:20.439
152||151|0||2019-05-25T02:11:45.783
158||151|1||2019-05-25T02:54:25.256
16||15|0||2019-05-10T23:25:06.665
165||151|2||2019-05-26T01:27:56.881
169||151|3||2019-05-26T02:47:12.243
175||151|4||2019-05-26T03:21:49.127
181||151|5||2019-06-01T00:01:06.719
186||151|6||2019-06-01T00:33:12.556
192||151|7||2019-06-01T00:52:26.491
198||151|8||2019-06-02T22:00:43.37
204||151|9||2019-06-02T22:38:41.536
212||211|0||2019-06-07T22:19:01.286
217||211|1||2019-06-07T22:42:20.637
22||15|1||2019-05-11T00:26:13.844
222||211|2||2019-06-08T00:16:52.069
226||211|3||2019-06-08T00:17:15.44
232||211|4||2019-06-08T00:29:29.121
238||211|5||2019-06-08T01:30:27.879
243||211|6||2019-06-08T01:51:24.395
248||211|7||2019-06-08T02:14:18.762
253||211|8||2019-06-08T02:49:23.041
260||211|9||2019-06-09T18:52:46.428
265||211|10||2019-06-09T19:08:40.394
27||15|2||2019-05-11T00:50:58.281
270||211|11||2019-06-09T22:20:32.153
277||276|0||2019-06-09T22:57:35.13
283||276|1||2019-06-09T23:19:49.164
31||15|3||2019-05-11T01:21:10.678
36||15|4||2019-05-11T01:48:16.279
41||15|5||2019-05-11T02:26:04.961
47||15|6||2019-05-17T23:15:54.673
52||15|7||2019-05-17T23:47:44.392
58||15|8||2019-05-18T00:46:12.175
64||15|9||2019-05-18T01:01:14.604
68||15|10||2019-05-18T01:26:26.642
